131
130
141
141
136
180
192
190
125
111
204
151
122
129
180
169
197
135
171
131
125
122
165
146
170
197
172
131
166
171
210
220
166
222
182
169
193
191
215
213
162
226
148
241
219
171
186
239
211
190
176
173
244
222
239
205
161
169
232
208
206
258
202
219
260
225
221
265
189
245
206
268
184
239
183
271
269
222
232
187
266
221
264
260
218
189
265
191
196
212
248
251
247
205
261
201
202
260
281
199
266
228
286
208
211
279
209
267
305
278
282
295
292
222
285
259
272
276
242
225
282
292
321
284
286
254
304
285
308
295
282
281
301
327
250
280
254
330
276
244
243
339
260
333
267
292
296
316
317
262
307
317
281
272
283
260
300
314
297
321
302
277
311
322
267
318
358
306
350
350
327
330
307
285
332
309
327
337
308
300
286
330
321
336
302
367
326
328
369
380
329
297
378
340
339
341
311
354
328
334
338
315
341
305
313
370
349
311
396
312
316
392
323
404
389
367
387
345
413
344
400
347
365
340
351
380
416
423
329
393
360
396
390
375
368
383
341
384
420
360
358
437
421
381
347
437
405
423
361
423
390
415
374
415
437
438
455
415
442
403
401
421
443
459
373
413
391
386
428
373
401
442
391
417
376
441
395
449
385
460
468
397
424
465
480
426
448
472
409
429
430
467
412
422
426
409
397
496
433
426
413
416
460
458
436
475
461
437
451
507
490
494
415
491
438
454
435
498
421
515
466
519
502
441
474
464
428
443
526
431
487
486
474
491
441
502
513
458
445
495
490
472
520
522
499
538
465
456
484
456
488
520
545
458
499
545
528
539
460
476
518
517
536
545
465
512
496
554
522
512
521
482
544
505
536
557
567
529
534
536
493
512
566
574
564
571
514
516
518
560
511
503
549
577
555
589
529
549
571
562
503
539
518
578
562
583
522
518
577
598
545
560
593
570
537
521
516
521
586
600
618
546
618
601
587
548
528
528
557
549
596
615
630
603
607
618
545
610
563
546
592
587
638
549
595
562
630
626
576
587
629
614
605
629
583
606
593
590
648
590
560
603
644
592
598
591
613
609
665
600
609
653
632
590
636
592
607
623
581
591
622
662
675
632
663
628
603
626
632
671
598
619
607
614
623
660
617
668
623
622
623
646
626
657
662
624
634
630
609
610
707
672
687
695
641
659
638
705
658
693
693
682
653
663
646
642
663
674
665
724
664
712
662
646
723
701
677
670
703
674
716
653
694
643
723
647
679
694
724
654
689
653
724
711
674
679
677
706
747
694
752
725
741
713
666
724
717
675
692
739
694
733
716
755
693
711
769
769
725
732
688
683
700
768
730
693
688
714
707
695
779
770
789
751
778
726
718
791
739
738
715
718
796
739
789
775
786
785
796
751
769
804
787
735
739
807
782
785
741
790
804
802
738
793
775
755
726
770
815
785
825
759
742
808
774
816
749
739
755
835
829
839
757
816
836
843
827
775
756
771
803
806
786
838
837
765
845
777
811
855
761
785
763
789
856
810
845
784
812
776
864
841
827
830
847
820
868
811
813
817
853
807
797
830
826
840
858
847
873
823
853
877
833
842
861
799
839
842
836
888
811
900
868
839
856
815
869
867
905
858
832
846
818
884
856
826
854
829
831
865
847
918
827
884
884
825
837
898
859
842
919
930
919
862
838
863
932
896
867
927
918
904
853
890
919
914
900
863
904
928
919
901
880
859
945
942
891
857
860
876
903
937
937
890
894
894
930
946
884
951
875
930
962
946
945
936
936
891
878
947
966
894
921
940
946
961
914
928
910
934
908
944
907
908
964
968
947
907
918
982
968
959
996
911
989
992
936
918
974
986
965
991
935
989
997
958
962
955
988
969
934
944
987
964
958
1002
964
1009
985
986
1029
1002
934
939
943
955
960
1000
1000
1013
1016
990
986
1028
979
1039
1040
971
984
1043
993
967
1036
1023
997
1010
964
1013
1020
1011
996
965
1044
1039
1003
982
999
1057
1045
988
1034
1067
984
977
1038
1047
1069
1075
990
1030
1066
1026
1046
1018
1014
990
1039
1020
1079
1075
1067
1005
1026
1071
1053
1077
1080
1014
1015
1098
1048
1001
1028
1004
1077
1036
1014
1104
1018
1086
1061
1090
1048
1111
1063
1114
1069
1083
1086
1101
1084
1021
1095
1063
1118
1076
1059
1046
1051
1113
1121
1118
1055
1125
1037
1103
1087
1086
1110
1085
1093
1104
1127
1078
1076
1144
1141
1111
1113
1076
1072
1093
1087
1091
1109
1079
1067
1091
1118
1097
1159
1099
1096
1150
1149
1129
1118
1158
1098
1117
1157
1124
1099
1114
1143
1112
1157
1135
1140
1172
1122
1111
1156
1156
1112
1106
1175
1184
1124
1171
1134
1110
1177
1177
1184
1115
1118
1098
1169
1143
1166
1118
1180
1129
1124
1161
1131
1190
1140
1181
1197
1168
1176
1145
1151
1129
1179
1194
1137
1140
1215
1202
1173
1163
1166
1188
1174
1226
1139
1175
1149
1171
1151
1231
1173
1135
1169
1231
1143
1224
1181
1228
1198
1201
1228
1206
1193
1220
1156
1158
1181
1238
1183
1161
1217
1237
1245
1187
1195
1214
1199
1177
1190
1174
1178
1262
1234
1228
1219
1218
1191
1174
1270
1213
1270
1244
1239
1215
1263
1209
1231
1268
1265
1282
1263
1203
1208
1224
1265
1242
1278
1217
1227
1248
1269
1197
1228
1280
1243
1217
1230
1225
1258
1273
1278
1296
1292
1285
1303
1301
1282
1304
1287
1291
1237
1225
1256
1259
1269
1251
1319
1318
1255
1295
1309
1321
1256
1325
1306
1264
1272
1322
1240
1257
1279
1280
1329
1320
1243
1264
1313
1271
1243
1308
1290
1249
1308
1306
1323
1293
1342
1299
1322
1263
1254
1354
1353
1323
1306
1286
1322
1343
1322
1307
1353
1267
1315
1286
1323
1306
1320
1287
1363
1338
1331
1309
1373
1309
1362
1351
1307
1302
1331
1322
1326
1292
1377
1320
1372
1385
1386
1318
1292
1322
1319
1334
1367
1357
1339
1381
1374
1361
1393
1387
1313
1321
1389
1317
1406
1310
1362
1371
1399
1393
1339
1363
1356
1370
1355
1370
1402
1399
1366
1350
1359
1394
1374
1334
1356
1343
1350
1331
1384
1395
1367
1399
1374
1371
1364
1356
1434
1403
1401
1427
1379
1417
1389
1389
1419
1433
1375
1400
1389
1378
1377
1380
1409
1398
1361
1423
1433
1418
1397
1456
1400
1391
1385
1392
1381
1433
1418
1404
1425
1419
1414
1410
1428
1423
1466
1391
1413
1478
1396
1387
1421
1463
1391
1474
1438
1431
1396
1445
1395
1396
1443
1442
1455
1495
1451
1406
1429
1411
1487
1501
1428
1455
1462
1486
1453
1482
1423
1478
1443
1447
1452
1450
1492
1478
1453
1466
1505
1474
1521
1510
1473
1448
1493
1475
1491
1467
1476
1449
1515
1485
1487
1514
1524
1535
1461
1523
1497
1540
1461
1444
1472
1507
1493
1465
1466
1492
1537
1465
1510
1466
1536
1516
1458
1481
1486
1472
1476
1550
1469
1479
1512
1517
1565
1494
1476
1545
1567
1486
1526
1564
1539
1557
1487
1477
1521
1482
1570
1513
1533
1492
1540
1485
1508
1556
1505
1493
1549
1507
1587
1518
1550
1582
1498
1501
1535
1532
1559
1536
1586
1575
1566
1557
1525
1510
1538
1539
1568
1570
1574
1553
1604
1527
1587
1614
1602
1545
1534
1572
1537
1571
1572
1534
1548
1624
1605
1540
1566
1531
1555
1622
1606
1547
1558
1558
1576
1625
1630
1555
1616
1596
1640
1595
1557
1581
1607
1588
1619
1636
1602
1621
1554
1632
1582
1566
1588
1576
1596
1592
1590
1654
1634
1611
1646
1658
1585
1603
1581
1586
1647
1579
1634
1655
1618
1583
1663
1621
1642
1664
1596
1602
1646
1618
1610
1605
1588
1671
1677
1632
1610
1672
1655
1669
1598
1639
1623
1669
1617
1664
1683
1606
1619
1665
1704
1683
1661
1617
1622
1651
1613
1648
1703
1655
1650
1683
1713
1690
1644
1666
1629
1643
1636
1656
1646
1716
1632
1647
1658
1703
1636
1634
1721
1663
1701
1686
1701
1673
1701
1646
1665
1670
1662
1648
1712
1689
1658
1662
1665
1693
1722
1655
1683
1712
1748
1748
1738
1661
1748
1707
1700
1703
1707
1671
1747
1691
1685
1720
1733
1696
1738
1694
1723
1712
1709
1687
1773
1685
1707
1766
1707
1713
1750
1701
1708
1785
1722
1762
1693
1699
1784
1761
1774
1713
1741
1714
1769
1706
1749
1761
1744
1732
1732
1727
1725
1762
1739
1744
1787
1755
1802
1799
1737
1763
1799
1720
1768
1739
1791
1750
1774
1822
1811
1770
1821
1773
1733
1813
1800
1772
1736
1757
1783
1772
1754
1751
1773
1779
1838
1746
1813
1780
1836
1830
1816
1774
1820
1777
1807
1819
1804
1755
1780
1779
1773
1792
1761
1812
1847
1776
1782
1779
1801
1787
1832
1825
1804
1783
1868
1787
1790
1793
1841
1871
1863
1870
1793
1871
1873
1819
1808
1834
1809
1849
1877
1814
1827
1828
1859
1795
1865
1808
1884
1812
1806
1874
1835
1811
1868
1820
1845
1807
1866
1853
1884
1821
1899
1899
1855
1846
1848
1849
1893
1869
1838
1916
1829
1876
1872
1857
1874
1915
1913
1924
1901
1835
1905
1833
1840
1892
1872
1931
1890
1849
1920
1934
1905
1937
1861
1893
1893
1893
1851
1879
1921
1932
1863
1867
1879
1873
1864
1906
1939
1912
1942
1952
1890
1862
1950
1939
1896
1891
1893
1897
1945
1890
1914
1903
1890
1871
1909
1880
1892
1893
1940
1912
1895
1934
1960
1920
1945
1966
1935
1960
1926
1900
1889
1905
1919
1940
1983
1897
1917
1939
1896
1960
1930
1922
1969
1922
1989
1992
1932
1953
1912
1939
1954
2008
1912
1937
1915
1985
1966
1975
1918
1980
1931
1933
1923
1987
1928
1979
1985
1943
1940
1945
2023
1995
1997
1954
1970
2014
2015
1977
1960
1978
2005
2002
2037
1997
1967
1973
2011
2010
1989
2001
2013
1985
1984
2022
2031
1981
2002
2026
1957
2055
1974
2035
2039
2060
1973
2013
2060
1968
2027
2022
2013
1970
2001
2031
1981
2022
1975
1984
2014
2022
2061
2077
2007
2004
2043
2060
2034
2071
2006
2049
2075
2036
2062
2018
2021
2054
2026
2042
2064
2058
2064
2010
2040
2094
2045
2056
2063
2011
2082
2104
2031
2069
2036
2050
2109
2098
2086
2076
2088
2056
2094
2078
2107
2079
2053
2099
2092
2091
2066
2075
2032
2059
2082
2047
2032
2103
2122
2048
2078
2125
2067
2071
2054
2102
2073
2073
2128
2090
2068
2125
2085
2108
2124
2113
2078
2108
2152
2137
2110
2143
2134
2155
2084
2128
2089
2100
2118
2162
2135
2084
2084
2163
2075
2117
2078
2170
2075
2103
2174
2092
2139
2160
2087
2153
2098
2127
2125
2099
2158
2141
2101
2137
2099
2148
2173
2138
2122
2169
2150
2194
2098
2175
2181
2129
2116
2199
2179
2200
2108
2163
2204
2175
2129
2129
2138
2134
2195
2169
2186
2158
2192
2168
2123
2126
2210
2210
2129
2148
2212
2218
2155
2207
2140
2178
2182
2144
2137
2164
2233
2206
2167
2172
2167
2187
2193
2196
2192
2179
2224
2166
2181
2201
2213
2161
2212
2158
2241
2188
2251
2253
2183
2238
2192
2219
2242
2232
2198
2235
2183
2261
2263
2210
2226
2212
2259
2187
2211
2197
2209
2219
2254
2238
2189
2223
2272
2263
2202
2282
2259
2229
2278
2235
2214
2213
2261
2252
2252
2252
2234
2294
2273
2248
2299
2216
2218
2226
2258
2300
2240
2219
2261
2225
2253
2229
2273
2229
2311
2292
2276
2235
2278
2235
2296
2232
2267
2245
2226
2287
2245
2243
2245
2275
2308
2314
2262
2284
2256
2300
2288
2304
2312
2264
2303
2331
2340
2326
2301
2278
2266
2270
2342
2330
2339
2313
2269
2308
2316
2279
2340
2284
2263
2291
2359
2281
2280
2345
2324
2302
2351
2305
2270
2332
2276
2327
2334
2317
2276
2301
2326
2299
2343
2313
2333
2322
2367
2371
2320
2374
2328
2344
2377
2311
2359
2374
2336
2365
2316
2314
2348
2391
2314
2334
2369
2341
2359
2344
2350
2401
2361
2390
2405
2318
2324
2370
2399
2329
2379
2335
2407
2363
2352
2340
2356
2347
2406
2327
2400
2337
2372
2426
2347
2413
2345
2427
2426
2418
2347
2393
2402
2397
2367
2381
2340
2425
2425
2371
2354
2395
2372
2361
2366
2353
2402
2439
2366
2405
2417
2414
2371
2406
2362
2440
2415
2418
2459
2383
2422
2414
2453
2464
2448
2392
2467
2424
2448
2377
2464
2466
2379
2457
2405
2470
2396
2403
2458
2405
2396
2422
2437
2388
2473
2423
2441
2433
2457
2433
2452
2494
2470
2405
2453
2456
2458
2492
2457
2486
2432
2444
2479
2439
2500
2471
2432
2464
2476
2427
2421
2470
2430
2504
2487
2480
2425
2426
2521
2437
2442
2451
2436
2511
2524
2514
2482
2446
2473
2504
2435
2506
2481
2493
2534
2488
2443
2480
2460
2507
2478
2484
2497
2477
2536
2503
2494
2528
2484
2469
2522
2459
2509
2500
2466
2461
2552
2507
2523
2466
2506
2509
2548
2491
2517
2562
2507
2566
2503
2549
2531
2558
2477
2520
2559
2561
2555
2483
2548
2525
2523
2535
2520
2563
2520
2578
2547
2507
2540
2520
2560
2502
2571
2520
2545
2547
2546
2599
2543
2529
2524
2594
2509
2534
2586
2517
2605
2552
2580
2607
2581
2533
2533
2569
2531
2595
2571
2598
2560
2587
2606
2532
2547
2615
2599
2595
2585
2543
2537
2560
2543
2564
2619
2543
2565
2612
2557
2604
2589
2591
2616
2572
2609
2568
2627
2610
2571
2637
2571
2595
2617
2576
2608
2626
2615
2581
2562
2594
2657
2660
2634
2566
2651
2620
2596
2633
2639
2650
2638
2657
2655
2599
2601
2629
2646
2676
2651
2625
2662
2588
2660
2674
2643
2680
2596
2629
2616
2654
2621
2628
2633
2658
2662
2645
2607
2614
2672
2631
2657
2655
2663
2640
2607
2639
2639
2703
2687
2689
2654
2700
2617
2618
2668
2692
2715
2704
2680
2642
2648
2625
2701
2647
2655
2720
2725
2710
2651
2698
2663
2635
2637
2667
2678
2725
2732
2727
2697
2664
2667
2697
2654
2723
2742
2687
2689
2747
2680
2654
2678
2723
2752
2689
2733
2686
2698
2661
2704
2744
2683
2728
2665
2702
2748
2713
2724
2739
2765
2694
2740
2758
2742
2691
2727
2725
2757
2696
2690
2691
2683
2702
2717
2696
2733
2729
2783
2721
2702
2704
2782
2767
2748
2757
2782
2777
2700
2795
2733
2746
2799
2798
2770
2801
2792
2732
2771
2795
2751
2775
2748
2767
2810
2800
2775
2770
2752
2798
2764
2781
2819
2743
2803
2822
2743
2754
2816
2739
2785
2802
2736
2786
2830
2796
2834
2809
2819
2743
2791
2765
2781
2811
2832
2827
2768
2803
2836
2802
2767
2803
2776
2816
2815
2836
2831
2759
2845
2850
2857
2831
2854
2837
2813
2821
2862
2792
2815
2849
2794
2783
2851
2853
2819
2837
2821
2847
2871
2818
2840
2789
2785
2840
2788
2804
2870
2822
2835
2869
2871
2832
2889
2880
2801
2841
2885
2823
2806
2845
2804
2840
2861
2823
2857
2885
2870
2850
2880
2893
2907
2837
2856
2894
2872
2842
2868
2885
2870
2866
2876
2882
2857
2921
2882
2848
2851
2886
2866
2869
2848
2897
2914
2929
2859
2838
2907
2933
2920
2850
2937
2882
2893
2868
2881
2860
2887
2932
2878
2895
2902
2871
2870
2949
2949
2897
2904
2873
2920
2934
2898
2934
2926
2900
2889
2871
2960
2891
2964
2897
2932
2878
2953
2972
2875
2929
2932
2961
2917
2939
2925
2942
2980
2966
2944
2902
2897
2938
2896
2943
2948
2954
2897
2924
2911
2952
2970
2948
2931
2915
2920
2943
2987
2936
2974
2937
2978
2968
2973
2973
2945
2986
3001
2951
2975
2972
3013
2958
2954
2976
2942
2923
2990
3007
3001
2952
2976
2968
2971
3004
2956
2955
2934
2967
2941
3026
2940
2978
3028
2951
3022
2995
2985
2985
3010
2963
2961
3041
3046
2981
3004
2993
3037
2979
3041
2956
2958
3030
3054
3042
2993
3046
2995
3024
2996
2973
3024
3058
2976
2976
3039
2997
3056
3054
3011
3054
2978
3059
2986
2981
3067
3000
2990
3075
3033
2991
3003
3005
3064
3023
2994
3006
3089
3015
3067
3033
3004
3083
3088
3094
3071
3091
3009
3040
3088
3013
3045
3052
3101
3044
3095
3056
3012
3053
3064
3079
3087
3032
3028
3072
3047
3061
3099
3101
3033
3043
3105
3098
3042
3073
3100
3119
3083
3076
3102
3041
3118
3092
3058
3067
3129
3097
3044
3136
3134
3052
3092
3055
3078
3103
3118
3113
3097
3152
3054
3130
3138
3125
3092
3115
3129
3126
3094
3151
3118
3122
3118
3150
3068
3081
3126
3154
3166
3126
3138
3084
3117
3084
3171
3174
3164
3087
3173
3160
3177
3136
3104
3154
3152
3136
3110
3175
3134
3172
3117
3139
3170
3116
3156
3165
3197
3138
3199
3153
3150
3145
3167
3173
3191
3115
3117
3140
3115
3157
3172
3167
3185
3198
3208
3151
3193
3183
3189
3211
3215
3194
3180
3130
3193
3202
3225
3163
3192
3133
3154
3222
3210
3200
3186
3234
3222
3238
3147
3222
3228
3180
3167
3199
3154
3216
3196
3236
3231
3247
3172
3186
3245
3240
3243
3219
3214
3234
3260
3166
3221
3244
3221
3185
3191
3214
3203
3246
3247
3187
3229
3274
3255
3190
3236
3269
3190
3206
3215
3232
3232
3260
3191
3255
3209
3209
3240
3216
3290
3291
3200
3205
3268
3225
3276
3295
3265
3244
3295
3237
3302
3242
3288
3305
3299
3221
3262
3247
3279
3290
3276
3288
3297
3222
3261
3281
3262
3235
3310
3271
3262
3257
3316
3259
3296
3274
3275
3290
3300
3243
3333
3250
3323
3325
3284
3282
3322
3296
3313
3251
3331
3281
3285
3308
3258
3309
3341
3265
3291
3343
3289
3255
3349
3341
3301
3329
3265
3288
3328
3279
3344
3364
3330
3332
3333
3315
3340
3303
3363
3337
3367
3325
3358
3348
3285
3309
3296
3324
3288
3366
3309
3358
3367
3377
3339
3359
3367
3374
3364
3324
3331
3308
3364
3373
3311
3390
3345
3303
3314
3326
3341
3339
3321
3384
3329
3345
3373
3347
3388
3389
3341
3328
3332
3409
3362
3373
3328
3377
3383
3336
3342
3366
3388
3410
3361
3387
3347
3410
3363
3386
3404
3358
3357
3361
3405
3397
3354
3376
3379
3428
3397
3356
3358
3361
3376
3374
3389
3416
3366
3375
3417
3383
3424
3364
3410
3438
3448
3424
3391
3383
3455
3416
3439
3439
3419
3428
3438
3468
3449
3433
3449
3398
3446
3452
3447
3445
3477
3474
3452
3424
3387
3402
3415
3410
3440
3433
3486
3401
3414
3484
3473
3401
3430
3477
3448
3408
3449
3496
3461
3461
3493
3501
3480
3438
3411
3419
3464
3438
3460
3498
3449
3508
3434
3456
3461
3463
3469
3455
3445
3481
3483
3499
3489
3515
3479
3485
3495
3474
3503
3525
3526
3491
3506
3523
3525
3512
3479
3473
3483
3530
3515
3493
3544
3506
3494
3546
3491
3533
3494
3456
3461
3478
3552
3546
3550
3502
3524
3545
3523
3467
3471
3546
3482
3547
3516
3473
3492
3501
3532
3529
3551
3564
3572
3528
3508
3482
3508
3543
3569
3548
3484
3501
3515
3498
3519
3538
3510
3582
3582
3563
3499
3554
3536
3584
3546
3547
3501
3587
3567
3584
3550
3589
3531
3549
3517
3591
3576
3545
3605
3521
3516
3565
3578
3569
3600
3522
3588
3603
3598
3524
3548
3546
3601
3574
3620
3550
3578
3567
3561
3579
3628
3592
3536
3538
3572
3580
3559
3583
3580
3548
3549
3626
3611
3576
3596
3614
3589
3619
3599
3567
3591
3584
3650
3580
3640
3592
3654
3628
3576
3650
3662
3577
3617
3656
3628
3590
3574
3621
3573
3622
3654
3587
3647
3600
3614
3597
3597
3680
3679
3584
3607
3590
3625
3665
3643
3623
3597
3629
3630
3650
3605
3635
3651
3615
3663
3621
3645
3686
3645
3688
3605
3617
3675
3636
3704
3668
3617
3703
3690
3690
3641
3696
3674
3686
3648
3645
3704
3692
3713
3719
3651
3694
3700
3691
3678
3649
3716
3703
3633
3720
3697
3734
3714
3688
3649
3639
3680
3661
3655
3724
3734
3740
3719
3662
3653
3699
3667
3725
3686
3674
3654
3716
3724
3717
3753
3693
3682
3704
3708
3748
3687
3677
3725
3674
3681
3738
3724
3710
3691
3716
3679
3726
3701
3772
3767
3709
3696
3760
3760
3779
3693
3702
3771
3751
3691
3736
3773
3750
3753
3774
3791
3746
3794
3791
3786
3797
3797
3785
3768
3799
3715
3712
3715
3806
3763
3800
3758
3807
3808
3779
3759
3784
3720
3730
3763
3742
3813
3743
3732
3750
3767
3810
3809
3769
3823
3764
3789
3797
3795
3761
3745
3801
3823
3801
3778
3741
3805
3812
3820
3784
3754
3844
3777
3779
3791
3784
3759
3757
3814
3817
3754
3755
3816
3842
3823
3774
3835
3844
3815
3778
3800
3796
3798
3797
3807
3843
3861
3834
3867
3837
3808
3815
3859
3866
3793
3829
3805
3830
3879
3867
3815
3785
3790
3870
3824
3816
3817
3791
3822
3811
3807
3863
3831
3833
3813
3850
3819
3872
3869
3886
3844
3850
3905
3833
3902
3841
3810
3823
3895
3817
3866
3896
3909
3846
3912
3824
3876
3873
3838
3916
3873
3836
3881
3872
3870
3867
3893
3918
3923
3865
3884
3894
3878
3893
3863
3845
3864
3876
3883
3921
3856
3883
3871
3923
3878
3890
3931
3933
3863
3875
3910
3921
3880
3938
3894
3898
3881
3930
3956
3913
3891
3947
3878
3893
3869
3892
3915
3900
3883
3943
3946
3880
3953
3950
3938
3955
3925
3938
3926
3934
3936
3906
3947
3976
3907
3974
3974
3953
3969
3944
3930
3944
3956
3953
3936
3935
3991
3970
3972
3960
3905
3974
4004
3984
3977
3981
3973
3933
3915
3962
3988
3964
4014
3938
3977
3990
3968
4017
3993
3964
3993
3963
3945
4002
4001
3971
3934
4016
4021
3963
3985
3998
4006
3947
4008
3969
4025
3958
3986
4038
3968
3970
4036
4026
3950
4017
3961
4035
4040
3988
3984
4041
3998
3979
4052
4055
3981
4051
3963
4022
3999
3990
3994
4063
4034
4058
3971
4065
4053
3997
3999
4051
4009
3983
4062
4048
3993
4080
4049
4081
3985
4011
4055
4024
4011
4039
4069
4036
4031
4081
4055
4024
3997
4079
4082
4022
4082
4048
4032
4003
4060
4065
4053
4048
4017
4011
4093
4048
4069
4078
4037
4079
4106
4062
4057
4075
4117
4106
4088
4062
4074
4084
4038
4069
4080
4046
4115
4042
4099
4046
4050
4045
4090
4117
4121
4077
4130
4092
4085
4126
4101
4079
4112
4142
4076
4134
4149
4081
4150
4146
4129
4057
4073
4148
4145
4099
4133
4074
4062
4147
4099
4073
4144
4134
4120
4102
4146
4123
4101
4154
4105
4107
4079
4101
4106
4160
4119
4176
4130
4102
4174
4173
4167
4166
4144
4179
4142
4143
4155
4104
4135
4160
4127
4170
4182
4107
4107
4115
4137
4192
4159
4173
4196
4184
4182
4203
4127
4143
4156
4174
4200
4159
4168
4190
4173
4155
4156
4166
4146
4179
4129
4207
4196
4129
4183
4163
4197
4142
4183
4142
4217
4179
4235
4143
4148
4197
4179
4156
4190
4174
4198
4242
4154
4191
4162
4162
4237
4180
4217
4244
4197
4243
4158
4224
4179
4177
4186
4162
4169
4241
4231
4202
4262
4242
4181
4233
4214
4191
4233
4221
4213
4262
4240
4182
4195
4180
4274
4258
4243
4246
4230
4239
4268
4258
4265
4226
4271
4209
4289
4205
4260
4285
4274
4210
4200
4218
4201
4291
4236
4275
4275
4288
4300
4215
4240
4257
4216
4238
4234
4293
4246
4313
4236
4228
4273
4317
4301
4234
4277
4226
4266
4292
4291
4242
4269
4326
4231
4305
4312
4277
4261
4289
4334
4252
4276
4280
4332
4247
4277
4261
4277
4318
4296
4272
4335
4345
4329
4323
4295
4332
4323
4326
4355
4265
4315
4263
4261
4265
4336
4269
4318
4278
4333
4310
4325
4293
4309
4364
4301
4327
4317
4295
4292
4317
4295
4369
4339
4344
4381
4323
4319
4324
4318
4293
4302
4377
4388
4372
4342
4334
4393
4348
4311
4375
4361
4368
4387
4365
4371
4363
4359
4339
4318
4387
4381
4320
4329
4377
4382
4370
4335
4370
4360
4413
4414
4338
4326
4409
4385
4408
4336
4334
4390
4419
4340
4412
4362
4407
4392
4365
4402
4372
4423
4343
4431
4398
4410
4435
4394
4442
4415
4433
4438
4415
4438
4352
4407
4408
4394
4422
4420
4425
4443
4368
4399
4421
4437
4405
4378
4433
4386
4401
4423
4404
4381
4410
4385
4447
4418
4439
4443
4391
4411
4476
4463
4406
4447
4388
4389
4480
4409
4414
4463
4444
4419
4457
4444
4453
4416
4403
4449
4456
4426
4470
4413
4460
4407
4404
4477
4455
4433
4427
4493
4421
4425
4441
4473
4460
4423
4505
4496
4496
4493
4464
4443
4470
4476
4430
4476
4428
4444
4466
4431
4470
4496
4446
4490
4470
4501
4474
4484
4478
4453
4460
4473
4536
4457
4450
4466
4457
4502
4461
4523
4525
4546
4535
4466
4496
4456
4482
4490
4531
4469
4554
4519
4551
4509
4553
4493
4481
4465
4476
4515
4552
4550
4545
4497
4507
4506
4497
4502
4518
4525
4522
4540
4504
4571
4556
4552
4524
4583
4583
4487
4550
4565
4536
4543
4519
4519
4529
4543
4546
4587
4549
4531
4553
4545
4533
4554
4596
4544
4537
4512
4569
4546
4569
4600
4573
4547
4594
4554
4576
4595
4561
4556
4564
4562
4589
4588
4547
4546
4568
4610
4624
4589
4627
4584
4612
4558
4571
4565
4565
4611
4593
4576
4602
4623
4560
4618
4585
4563
4595
4578
4632
4588
4602
4608
4606
4561
4632
4567
4562
4607
4586
4610
4605
4621
4579
4625
4597
4656
4645
4574
4642
4619
4572
4570
4659
4611
4660
4644
4626
4615
4627
4663
4666
4588
4621
4638
4681
4669
4652
4621
4650
4643
4627
4680
4690
4606
4607
4622
4627
4685
4647
4635
4655
4669
4666
4651
4698
4653
4666
4702
4625
4610
4640
4643
4662
4621
4614
4669
4710
4671
4681
4694
4713
4655
4710
4675
4718
4678
4660
4673
4715
4702
4668
4671
4667
4678
4675
4664
4653
4639
4644
4667
4649
4676
4700
4657
4646
4673
4701
4654
4673
4725
4734
4662
4672
4653
4750
4695
4714
4717
4748
4675
4720
4751
4668
4710
4676
4696
4677
4670
4763
4723
4703
4743
4727
4745
4726
4710
4692
4773
4739
4737
4723
4744
4759
4763
4728
4727
4707
4768
4721
4784
4777
4723
4763
4718
4786
4753
4706
4707
4710
4755
4758
4760
4764
4752
4773
4768
4755
4745
4711
4749
4804
4770
4757
4792
4722
4766
4719
4735
4760
4779
4811
4736
4810
4738
4806
4739
4727
4744
4787
4753
4768
4808
4810
4794
4830
4782
4788
4827
4819
4746
4814
4774
4779
4761
4830
4764
4809
4817
4754
4794
4821
4763
4806
4824
4829
4827
4767
4844
4836
4842
4838
4794
4761
4855
4838
4764
4817
4792
4839
4850
4801
4815
4790
4807
4787
4852
4815
4869
4838
4834
4820
4843
4796
4848
4857
4859
4793
4863
4827
4827
4830
4854
4792
4853
4797
4820
4847
4868
4877
4877
4893
4825
4895
4807
4829
4872
4830
4827
4880
4862
4883
4828
4901
4817
4889
4905
4863
4889
4889
4820
4824
4915
4825
4883
4851
4853
4920
4829
4889
4849
4872
4875
4874
4863
4932
4902
4870
4910
4844
4846
4922
4892
4846
4916
4881
4844
4922
4895
4910
4926
4850
4944
4915
4917
4944
4864
4868
4874
4867
4957
4882
4886
4926
4946
4890
4952
4946
4933
4926
4901
4968
4921
4964
4909
4912
4926
4891
4933
4887
4930
4932
4889
4940
4927
4950
4928
4934
4972
4926
4959
4942
4977
4896
4959
4964
4925
4929
4953
4991
4903
4934
4995
4992
4966
4955
4943
4944
4969
4928
4932
4969
4925
5002
4946
4989
4958
4916
4996
4967
4954
5013
4984
4991
4990
5004
4976
5014
4954
4959
4941
4960
4957
4973
4999
4973
4998
4959
4994
4979
5019
4960
4949
5035
5007
4950
4978
5031
4952
4994
5012
5007
4983
5017
5023
5017
5012
4998
5005
5009
5013
5019
4979
5051
5015
4997
5052
5008
4990
5023
5021
4975
4970
4994
5045
5056
4987
5019
5063
5057
5039
4979
4993
4994
5016
5081
5028
5068
5043
5046
4988
5088
4993
5010
5050
5037
5065
5050
5068
5057
5059
5018
5097
5057
5022
5031
5012
5081
5060
5033
5085
5022
5028
5035
5035
5087
5078
5056
5052
5100
5080
5082
5025
5036
5102
5033
5058
5041
5109
5116
5067
5067
5107
5088
5069
5068
5080
5122
5089
5040
5099
5065
5094
5084
5086
5103
5050
5072
5091
5063
5070
5146
5146
5065
5057
5099
5118
5120
5127
5080
5106
5059
5107
5149
5114
5071
5149
5131
5118
5126
5134
5126
5136
5136
5087
5125
5104
5102
5091
5169
5121
5131
5092
5145
5131
5163
5181
5125
5150
5107
5153
5122
5131
5100
5185
5099
5187
5150
5131
5187
5099
5163
5125
5118
5136
5139
5113
5141
5165
5164
5134
5165
5137
5144
5160
5190
5146
5124
5164
5161
5208
5137
5165
5150
5165
5184
5197
5155
5174
5148
5199
5164
5182
5143
5172
5179
5141
5227
5174
5182
5235
5146
5239
5232
5158
5215
5243
5189
5239
5196
5162
5223
5219
5239
5244
5248
5165
5245
5210
5184
5219
5185
5179
5223
5194
5167
5187
5244
5196
5266
5204
5219
5205
5231
5176
5178
5233
5272
5219
5232
5267
5275
5244
5191
5204
5193
5220
5194
5229
5233
5211
5195
5218
5262
5241
5248
5222
5245
5265
5275
5209
5203
5248
5217
5254
5248
5288
5222
5241
5256
5277
5265
5266
5250
5287
5310
5269
5254
5228
5262
5278
5243
5312
5228
5258
5245
5277
5246
5314
5255
5282
5268
5234
5308
5290
5287
5299
5306
5335
5306
5316
5293
5297
5323
5253
5311
5330
5273
5305
5299
5283
5345
5304
5332
5295
5344
5270
5270
5327
5333
5304
5277
5353
5297
5355
5278
5269
5311
5280
5302
5334
5316
5327
5273
5330
5366
5295
5312
5355
5338
5364
5318
5340
5337
5285
5295
5360
5296
5363
5288
5301
5294
5345
5307
5339
5379
5300
5363
5388
5394
5338
5346
5383
5345
5401
5375
5358
5342
5340
5386
5315
5395
5384
5342
5335
5386
5347
5409
5354
5376
5327
5398
5344
5329
5411
5349
5328
5385
5372
5379
5355
5354
5389
5367
5357
5359
5353
5362
5419
5341
5419
5369
5379
5440
5409
5358
5435
5367
5378
5409
5354
5415
5372
5422
5373
5424
5360
5395
5400
5363
5370
5441
5365
5420
5452
5454
5463
5439
5460
5429
5433
5414
5422
5403
5469
5415
5416
5397
5426
5455
5440
5398
5475
5390
5463
5403
5407
5456
5392
5456
5425
5483
5406
5451
5486
5490
5395
5410
5444
5411
5488
5469
5434
5405
5414
5497
5479
5458
5498
5414
5448
5500
5448
5503
5467
5511
5443
5427
5509
5496
5428
5510
5470
5488
5509
5469
5452
5508
5440
5498
5492
5511
5487
5495
5517
5444
5450
5446
5481
5510
5526
5439
5509
5457
5534
5462
5447
5486
5449
5518
5451
5465
5537
5451
5499
5547
5507
5457
5489
5479
5494
5487
5477
5551
5545
5514
5470
5564
5470
5492
5475
5531
5472
5558
5478
5567
5515
5491
5569
5502
5511
5575
5496
5541
5568
5549
5509
5560
5542
5490
5502
5530
5586
5513
5526
5546
5529
5567
5542
5566
5506
5577
5545
5576
5504
5527
5520
5540
5568
5510
5552
5538
5597
5600
5529
5527
5612
5527
5545
5562
5550
5540
5612
5545
5555
5548
5565
5605
5605
5584
5544
5617
5589
5589
5554
5584
5557
5540
5554
5621
5593
5579
5621
5575
5563
5620
5551
5631
5639
5628
5558
5594
5592
5630
5622
5635
5571
5560
5652
5610
5602
5580
5574
5594
5618
5590
5657
5658
5644
5666
5579
5665
5607
5660
5615
5659
5639
5609
5578
5598
5650
5612
5598
5600
5673
5653
5662
5632
5612
5596
5597
5662
5666
5612
5607
5613
5595
5605
5656
5604
5670
5657
5616
5694
5698
5654
5701
5624
5669
5664
5656
5655
5657
5679
5649
5636
5678
5658
5620
5670
5644
5711
5647
5702
5639
5701
5681
5634
5696
5629
5687
5707
5688
5654
5731
5652
5708
5649
5717
5646
5709
5644
5725
5659
5656
5687
5654
5723
5731
5703
5741
5711
5693
5748
5665
5681
5684
5717
5700
5676
5664
5746
5707
5704
5662
5692
5762
5698
5668
5740
5679
5765
5742
5680
5744
5711
5729
5723
5764
5757
5729
5724
5706
5719
5703
5732
5761
5697
5727
5741
5689
5750
5703
5721
5704
5782
5788
5776
5763
5720
5729
5766
5707
5728
5756
5737
5774
5743
5729
5802
5761
5806
5721
5780
5767
5757
5784
5773
5789
5761
5784
5794
5723
5815
5802
5781
5786
5794
5821
5804
5750
5814
5787
5756
5757
5822
5806
5791
5737
5751
5782
5791
5767
5834
5742
5756
5819
5770
5777
5773
5790
5838
5835
5808
5755
5846
5788
5843
5850
5765
5844
5792
5810
5780
5775
5786
5773
5820
5821
5804
5845
5868
5859
5803
5852
5809
5779
5855
5875
5847
5818
5852
5856
5796
5880
5868
5816
5856
5832
5869
5882
5866
5883
5857
5798
5813
5852
5838
5887
5878
5887
5892
5863
5803
5804
5810
5888
5815
5823
5816
5845
5908
5881
5814
5865
5874
5847
5846
5904
5870
5881
5880
5851
5879
5827
5828
5853
5899
5867
5849
5898
5850
5883
5849
5880
5907
5858
5914
5847
5901
5845
5886
5932
5902
5855
5863
5887
5879
5945
5859
5849
5852
5899
5886
5931
5940
5932
5858
5895
5862
5927
5918
5908
5876
5929
5866
5865
5894
5941
5883
5945
5869
5912
5884
5957
5885
5897
5920
5951
5967
5966
5917
5925
5952
5933
5981
5958
5907
5968
5913
5952
5930
5907
5959
5904
5947
5938
5944
5988
5928
5992
5980
5938
5932
5953
5947
5958
5944
5924
5938
5963
5925
5936
5961
6009
5943
5998
5972
5971
5927
5980
5936
6016
6012
5980
5961
5989
5990
5944
5993
6014
5974
5986
5938
5934
5985
5977
6031
6019
6036
6015
5962
5992
6004
6019
6003
5985
5972
5951
5993
5996
6000
6031
5995
6032
5993
5982
6045
5994
6029
6031
6043
6046
6027
6053
6057
5979
5993
6010
6006
6045
6022
6053
6036
6002
6011
5984
6055
5981
6058
6054
6022
6004
5989
6054
6070
5998
6073
6019
6059
6057
6080
6045
6056
5995
6003
6034
6081
6028
6090
6076
6062
6098
6015
6086
6003
6059
6026
6049
6084
6104
6012
6048
6059
6085
6107
6039
6114
6081
6089
6117
6063
6038
6080
6084
6106
6069
6081
6038
6052
6122
6055
6045
6093
6108
6067
6090
6107
6057
6073
6039
6100
6129
6058
6075
6142
6071
6047
6090
6058
6059
6109
6087
6083
6089
6140
6109
6107
6120
6129
6136
6141
6158
6062
6110
6066
6077
6077
6140
6096
6166
6080
6072
6140
6153
6168
6102
6119
6123
6089
6149
6101
6103
6092
6141
6177
6116
6156
6179
6132
6183
6124
6091
6172
6177
6188
6165
6136
6117
6158
6139
6177
6122
6172
6114
6144
6180
6118
6176
6190
6173
6112
6127
6121
6156
6161
6160
6191
6147
6185
6168
6148
6164
6130
6205
6186
6130
6162
6201
6181
6176
6181
6207
6137
6152
6195
6178
6165
6235
6154
6216
6215
6193
6201
6236
6199
6200
6162
6227
6165
6180
6189
6233
6188
6197
6226
6220
6166
6238
6193
6162
6195
6246
6162
6165
6217
6198
6182
6245
6173
6221
6234
6218
6214
6231
6245
6243
6270
6269
6225
6233
6212
6236
6260
6187
6238
6241
6282
6283
6261
6273
6241
6238
6238
6221
6259
6285
6217
6221
6200
6252
6225
6226
6277
6288
6204
6238
6299
6233
6232
6274
6209
6304
6242
6250
6302
6235
6233
6267
6277
6279
6282
6268
6258
6248
6231
6283
6282
6294
6263
6265
6273
6233
6288
6262
6283
6299
6334
6313
6239
6284
6327
6312
6253
6325
6243
6245
6256
6256
6327
6329
6322
6307
6255
6306
6327
6258
6331
6256
6342
6311
6296
6262
6302
6271
6266
6343
6318
6307
6328
6321
6307
6362
6340
6281
6314
6297
6315
6323
6337
6373
6350
6314
6300
6340
6283
6302
6360
6353
6384
6381
6359
6365
6382
6293
6355
6378
6330
6303
6367
6348
6340
6364
6320
6315
6311
6317
6313
6343
6341
6380
6326
6333
6363
6387
6395
6390
6352
6343
6384
6401
6393
6327
6341
6339
6360
6353
6352
6424
6336
6400
6385
6384
6394
6368
6355
6349
6427
6361
6372
6352
6382
6358
6344
6437
6428
6420
6393
6409
6374
6368
6351
6426
6430
6382
6414
6358
6404
6455
6434
6410
6413
6428
6384
6421
6400
6390
6410
6414
6393
6422
6370
6390
6376
6426
6458
6469
6390
6440
6422
6412
6469
6475
6475
6480
6386
6483
6483
6449
6481
6397
6471
6418
6442
6451
6405
6492
6395
6446
6440
6489
6423
6472
6417
6486
6487
6418
6435
6465
6493
6462
6451
6471
6454
6509
6508
6453
6490
6436
6486
6418
6466
6478
6458
6464
6471
6441
6510
6441
6504
6436
6486
6467
6438
6516
6444
6505
6515
6483
6522
6446
6478
6454
6482
6468
6537
6542
6536
6462
6528
6537
6541
6476
6546
6546
6488
6510
6482
6472
6492
6522
6556
6549
6505
6482
6515
6524
6516
6510
6471
6548
6552
6567
6478
6549
6488
6491
6542
6534
6505
6561
6500
6532
6568
6563
6559
6544
6539
6487
6500
6582
6562
6559
6536
6553
6558
6512
6580
6499
6574
6583
6527
6595
6546
6544
6570
6602
6598
6509
6515
6605
6522
6594
6598
6578
6584
6599
6606
6596
6523
6547
6553
6539
6536
6577
6568
6539
6622
6545
6575
6530
6578
6575
6566
6560
6574
6577
6576
6585
6596
6573
6618
6627
6624
6620
6592
6589
6602
6626
6621
6600
6583
6641
6632
6561
6577
6588
6560
6607
6619
6590
6650
6614
6617
6659
6581
6568
6632
6649
6595
6631
6612
6584
6627
6575
6597
6583
6621
6621
6653
6581
6638
6673
6632
6619
6663
6680
6657
6656
6637
6610
6633
6685
6634
6640
6623
6600
6636
6695
6611
6677
6662
6632
6695
6641
6619
6613
6682
6659
6671
6638
6708
6668
6688
6677
6660
6645
6675
6671
6641
6645
6638
6668
6673
6622
6681
6640
6717
6682
6680
6669
6643
6638
6724
6721
6716
6716
6675
6653
6664
6640
6657
6737
6703
6661
6644
6726
6681
6704
6723
6724
6693
6707
6746
6691
6732
6730
6659
6667
6709
6741
6737
6718
6755
6721
6714
6672
6734
6749
6764
6672
6684
6701
6768
6688
6754
6732
6768
6751
6740
6712
6761
6682
6761
6698
6684
6718
6751
6709
6757
6712
6737
6752
6766
6711
6736
6734
6720
6765
6699
6738
6736
6795
6787
6794
6730
6793
6748
6771
6767
6801
6784
6720
6768
6785
6771
6792
6814
6803
6799
6760
6793
6751
6751
6812
6815
6769
6801
6785
6764
6773
6817
6756
6755
6732
6809
6812
6754
6802
6752
6801
6808
6746
6780
6794
6832
6840
6776
6839
6767
6774
6793
6813
6811
6846
6835
6766
6799
6765
6770
6776
6763
6815
6827
6850
6774
6841
6856
6827
6797
6822
6837
6800
6857
6778
6860
6775
6789
6829
6795
6826
6845
6841
6860
6851
6882
6845
6861
6803
6877
6818
6813
6790
6872
6863
6811
6885
6828
6882
6872
6818
6871
6815
6890
6883
6842
6850
6883
6886
6816
6865
6829
6858
6885
6830
6875
6877
6909
6852
6898
6896
6889
6862
6913
6874
6889
6922
6900
6907
6834
6860
6845
6894
6890
6890
6860
6835
6922
6844
6838
6916
6893
6849
6934
6890
6890
6869
6882
6866
6862
6876
6855
6883
6860
6897
6881
6952
6858
6917
6897
6868
6908
6955
6960
6885
6941
6941
6948
6937
6902
6900
6898
6914
6929
6936
6887
6935
6921
6966
6926
6911
6940
6976
6933
6948
6919
6970
6915
6892
6887
6983
6980
6919
6961
6986
6987
6993
6944
6903
6974
6922
6906
6957
6908
6931
6910
6960
6910
6981
6940
6962
6938
6915
6964
6981
6927
6947
6961
6987
6996
6935
6931
6958
6965
6939
6928
6926
6949
6995
6964
6958
6939
6994
6968
6978
7016
6983
6962
7006
6942
7023
6973
6982
6956
7007
7039
6965
6978
6961
7022
7009
7045
6972
7023
7032
6966
6993
7033
6993
7003
7040
6963
6964
7014
7011
7034
6989
6991
7027
6986
6977
7015
7006
6973
6972
7008
7032
7041
7029
7008
7068
7002
7067
6983
7002
7028
7063
7064
7046
7010
7009
7016
7015
7082
7041
7052
7017
7058
7062
7004
7029
7091
7076
7054
7066
7014
7026
7080
7055
7050
7024
7012
7061
7020
7067
7037
7102
7111
7052
7095
7092
7095
7050
7046
7071
7063
7047
7073
7050
7063
7127
7072
7048
7042
7039
7124
7113
7086
7041
7130
7085
7112
7118
7128
7113
7099
7073
7116
7117
7112
7070
7141
7063
7135
7059
7100
7106
7058
7099
7065
7146
7083
7097
7149
7109
7096
7121
7146
7080
7086
7108
7126
7121
7139
7148
7122
7171
7141
7110
7137
7102
7093
7150
7162
7114
7084
7157
7119
7133
7132
7176
7126
7163
7169
7181
7093
7167
7150
7154
7152
7194
7163
7195
7200
7117
7119
7189
7182
7168
7163
7165
7130
7170
7187
7118
7184
7186
7182
7178
7178
7215
7215
7181
7130
7130
7148
7201
7193
7150
7148
7222
7162
7147
7169
7185
7185
7195
7203
7163
7161
7209
7151
7198
7155
7158
7231
7225
7174
7222
7216
7160
7166
7194
7228
7242
7225
7211
7214
7171
7175
7237
7207
7244
7210
7240
7199
7233
7202
7239
7172
7255
7169
7171
7181
7226
7245
7236
7261
7214
7257
7253
7240
7255
7229
7235
7206
7196
7245
7220
7250
7230
7212
7221
7231
7273
7245
7217
7268
7264
7266
7208
7250
7211
7288
7235
7300
7284
7292
7235
7299
7232
7243
7226
7266
7248
7295
7221
7232
7243
7238
7315
7284
7267
7255
7265
7296
7311
7294
7229
7318
7291
7258
7313
7250
7272
7312
7294
7332
7237
7245
7253
7336
7319
7250
7278
7289
7251
7302
7278
7253
7279
7287
7321
7290
7336
7319
7339
7278
7288
7269
7283
7302
7315
7277
7296
7263
7282
7359
7357
7324
7285
7358
7297
7295
7320
7351
7360
7289
7291
7325
7360
7295
7328
7298
7295
7296
7291
7315
7300
7385
7305
7352
7320
7378
7352
7341
7385
7333
7376
7337
7336
7337
7336
7396
7399
7389
7348
7398
7310
7406
7313
7397
7350
7364
7322
7410
7364
7331
7353
7370
7323
7377
7357
7341
7372
7350
7421
7396
7415
7395
7408
7333
7346
7429
7426
7334
7372
7420
7379
7436
7425
7342
7385
7401
7405
7356
7411
7368
7413
7399
7380
7381
7393
7371
7360
7436
7357
7404
7374
7444
7423
7378
7421
7382
7404
7363
7374
7440
7391
7444
7465
7410
7447
7416
7418
7450
7398
7394
7422
7446
7444
7427
7443
7447
7473
7406
7453
7404
7390
7483
7461
7415
7486
7467
7409
7476
7450
7415
7489
7405
7466
7402
7419
7440
7477
7448
7460
7406
7448
7489
7440
7424
7430
7418
7507
7505
7435
7499
7515
7513
7419
7452
7455
7496
7482
7437
7498
7505
7465
7457
7445
7516
7525
7512
7522
7482
7502
7500
7494
7476
7464
7522
7514
7504
7460
7455
7470
7453
7498
7511
7526
7511
7525
7496
7510
7518
7488
7525
7466
7553
7483
7500
7497
7475
7486
7551
7496
7515
7500
7565
7564
7540
7519
7518
7547
7476
7536
7510
7536
7496
7500
7568
7566
7520
7492
7527
7527
7508
7547
7517
7494
7567
7510
7529
7573
7577
7573
7520
7537
7592
7558
7500
7557
7527
7542
7551
7535
7569
7598
7523
7564
7516
7595
7536
7571
7582
7559
7604
7538
7591
7594
7540
7554
7584
7596
7555
7618
7612
7589
7580
7574
7607
7611
7603
7602
7544
7620
7578
7537
7590
7562
7551
7624
7563
7588
7632
7630
7612
7570
7568
7618
7636
7616
7558
7584
7579
7614
7639
7601
7637
7643
7647
7615
7596
7562
7602
7594
7578
7622
7650
7661
7611
7638
7637
7622
7588
7577
7586
7660
7668
7599
7621
7660
7631
7639
7584
7649
7604
7589
7616
7664
7682
7639
7596
7601
7685
7596
7634
7630
7613
7620
7687
7683
7669
7616
7642
7662
7640
7615
7616
7612
7646
7679
7656
7705
7631
7710
7657
7688
7628
7665
7702
7706
7631
7657
7702
7655
7643
7682
7710
7641
7702
7651
7674
7661
7696
7718
7667
7733
7659
7650
7672
7719
7689
7733
7670
7669
7682
7729
7733
7709
7733
7679
7663
7739
7752
7707
7668
7660
7665
7733
7748
7668
7684
7726
7733
7751
7681
7746
7742
7727
7753
7732
7706
7710
7682
7770
7682
7762
7687
7753
7742
7740
7712
7746
7750
7724
7782
7725
7702
7767
7771
7788
7712
7720
7704
7739
7791
7750
7700
7722
7734
7700
7724
7788
7748
7705
7706
7722
7716
7764
7716
7781
7760
7741
7793
7796
7806
7717
7810
7733
7809
7795
7752
7743
7772
7781
7777
7820
7802
7752
7743
7751
7820
7822
7816
7816
7797
7785
7798
7837
7801
7773
7792
7822
7756
7815
7821
7747
7818
7779
7764
7799
7782
7810
7796
7755
7783
7840
7820
7817
7797
7784
7809
7827
7784
7825
7851
7787
7777
7823
7810
7788
7809
7830
7820
7854
7793
7827
7848
7851
7780
7834
7824
7809
7837
7834
7793
7823
7859
7886
7822
7876
7826
7871
7848
7891
7892
7802
7808
7896
7801
7886
7819
7829
7807
7818
7821
7849
7809
7815
7872
7831
7860
7815
7850
7905
7887
7858
7850
7885
7863
7888
7881
7894
7920
7886
7917
7843
7890
7849
7902
7904
7874
7931
7852
7847
7926
7849
7902
7860
7928
7937
7872
7857
7894
7919
7903
7882
7886
7884
7938
7922
7930
7944
7921
7871
7881
7947
7895
7898
7924
7877
7887
7909
7962
7910
7950
7900
7954
7962
7870
7927
7898
7969
7938
7934
7973
7903
7908
7921
7925
7945
7926
7972
7937
7891
7966
7909
7932
7958
7987
7895
7902
7924
7950
7961
7968
7917
7913
7962
7989
7901
7986
7963
7958
7939
7932
7916
7984
7952
7974
7937
7978
7940
7955
7982
7937
7925
7971
7965
7992
7957
7934
7941
7942
7965
7986
7972
7938
7997
7944
7967
7971
7996
7937
7995
7955
7949
7985
7993
8001
8012
8036
7955
7984
8010
7962
8044
8030
8007
8023
7972
7984
8047
7958
7976
8007
7982
7959
7975
8047
8013
8002
7964
8031
7985
8057
8000
8025
8019
8048
8041
7985
8068
8013
7982
8008
8041
8019
8052
8063
8076
8008
8011
8034
7998
7990
8073
8081
8050
8083
8088
8027
7994
8091
8020
8021
8089
8086
8082
8091
8005
8077
8072
8073
8086
8006
8016
8068
8101
8035
8060
8094
8095
8085
8072
8054
8038
8032
8080
8106
8054
8052
8096
8034
8116
8121
8045
8106
8106
8112
8108
8129
8110
8093
8038
8052
8084
8085
8103
8081
8052
8116
8101
8120
8050
8134
8073
8119
8128
8077
8123
8123
8130
8124
8140
8117
8134
8070
8077
8138
8138
8087
8125
8132
8094
8123
8140
8097
8166
8078
8157
8156
8100
8089
8123
8115
8089
8114
8153
8127
8172
8142
8122
8139
8178
8128
8130
8155
8146
8100
8188
8118
8141
8131
8146
8141
8126
8128
8131
8153
8191
8186
8196
8110
8132
8114
8181
8164
8190
8124
8141
8151
8131
8177
8185
8196
8128
8164
8179
8162
8186
8196
8125
8210
8149
8139
8190
8225
8171
8136
8166
8218
8171
8217
8184
8191
8164
8200
8229
8149
8182
8176
8159
8175
8198
8193
8181
8177
8161
8238
8244
8225
8206
8186
8208
8178
8175
8189
8172
8250
8250
8207
8223
8170
8249
8193
8189
8218
8219
8208
8241
8242
8196
8216
8225
8228
8221
8204
8201
8207
8244
8205
8234
8254
8267
8217
8197
8220
8263
8269
8277
8198
8290
8246
8280
8273
8232
8276
8290
8280
8248
8276
8262
8210
8264
8304
8227
8224
8301
8284
8253
8248
8252
8222
8269
8294
8240
8310
8245
8240
8313
8263
8288
8250
8255
8254
8292
8258
8234
8290
8292
8287
8281
8235
8270
8269
8280
8333
8336
8263
8309
8295
8339
8276
8278
8279
8302
8293
8347
8305
8253
8332
8296
8307
8329
8350
8333
8284
8287
8303
8342
8360
8308
8275
8282
8345
8270
8282
8316
8290
8336
8340
8349
8289
8340
8340
8335
8333
8340
8290
8283
8286
8376
8357
8303
8360
8361
8323
8383
8298
8310
8370
8384
8333
8329
8363
8392
8353
8388
8397
8309
8375
8324
8391
8372
8325
8346
8400
8308
8369
8319
8408
8364
8368
8398
8338
8345
8364
8342
8357
8335
8348
8326
8391
8333
8355
8375
8398
8351
8344
8428
8430
8369
8411
8335
8407
8382
8434
8396
8381
8425
8421
8394
8368
8363
8425
8421
8412
8353
8349
8390
8441
8368
8450
8364
8449
8408
8408
8428
8373
8378
8448
8448
8394
8432
8432
8410
8420
8443
8447
8457
8438
8407
8396
8442
8435
8463
8459
8466
8460
8429
8478
8395
8463
8466
8453
8476
8459
8410
8433
8473
8477
8435
8484
8398
8485
8410
8443
8436
8459
8475
8444
8464
8481
8497
8421
8484
8467
8449
8499
8475
8477
8484
8512
8414
8440
8470
8450
8508
8453
8519
8426
8442
8494
8455
8505
8525
8438
8522
8490
8511
8512
8465
8512
8455
8511
8456
8508
8448
8446
8451
8495
8537
8533
8446
8491
8467
8494
8496
8472
8516
8460
8492
8494
8542
8502
8541
8523
8503
8519
8553
8474
8499
8547
8559
8498
8503
8554
8487
8484
8484
8535
8539
8494
8531
8527
8501
8504
8528
8550
8566
8492
8496
8552
8500
8567
8577
8578
8535
8546
8562
8510
8558
8582
8530
8585
8579
8513
8578
8504
8551
8593
8520
8507
8543
8515
8558
8559
8547
8566
8580
8601
8556
8559
8606
8612
8556
8582
8590
8523
8583
8612
8607
8608
8613
8525
8622
8549
8565
8543
8592
8532
8578
8586
8576
8607
8559
8583
8628
8549
8613
8567
8609
8639
8546
8589
8573
8618
8623
8604
8617
8568
8628
8562
8613
8648
8568
8591
8585
8643
8584
8643
8584
8592
8659
8607
8569
8654
8640
8650
8570
8670
8624
8598
8651
8645
8608
8591
8607
8623
8644
8669
8591
8639
8590
8589
8609
8614
8663
8666
8596
8675
8654
8640
8689
8597
8650
8621
8601
8609
8614
8614
8689
8662
8677
8631
8670
8644
8616
8638
8639
8614
8648
8646
8700
8647
8631
8712
8640
8670
8621
8663
8695
8624
8723
8644
8715
8667
8721
8693
8722
8713
8661
8700
8649
8640
8680
8723
8670
8720
8670
8642
8735
8686
8730
8672
8708
8699
8738
8718
8748
8694
8696
8678
8691
8751
8704
8752
8670
8749
8721
8735
8703
8752
8742
8687
8706
8730
8762
8711
8685
8681
8758
8735
8698
8712
8676
8733
8743
8691
8730
8770
8765
8697
8709
8781
8704
8715
8741
8768
8776
8777
8754
8748
8727
8785
8712
8700
8742
8713
8758
8722
8794
8727
8751
8714
8782
8733
8776
8761
8794
8786
8713
8811
8758
8778
8722
8808
8786
8766
8723
8768
8737
8754
8757
8760
8819
8744
8811
8768
8758
8764
8784
8733
8808
8740
8792
8832
8748
8832
8766
8761
8778
8757
8830
8813
8818
8797
8801
8809
8818
8766
8850
8803
8758
8773
8842
8773
8856
8853
8828
8843
8840
8821
8785
8823
8840
8844
8854
8795
8847
8843
8784
8848
8788
8817
8841
8869
8856
8878
8805
8824
8795
8852
8874
8785
8818
8840
8791
8886
8880
8890
8852
8881
8837
8846
8864
8861
8853
8828
8872
8875
8881
8835
8818
8818
8843
8835
8818
8816
8870
8869
8871
8844
8877
8832
8846
8896
8818
8901
8833
8916
8843
8854
8829
8893
8917
8883
8882
8865
8908
8853
8923
8877
8882
8870
8901
8858
8876
8864
8908
8855
8926
8910
8907
8924
8895
8899
8864
8902
8859
8919
8891
8892
8930
8888
8873
8876
8907
8954
8922
8883
8921
8924
8871
8911
8886
8941
8944
8893
8968
8969
8915
8960
8895
8947
8894
8911
8942
8883
8912
8885
8920
8888
8902
8924
8974
8913
8982
8896
8926
8927
8981
8973
8957
8983
8946
8923
8980
8945
8907
8949
8924
8978
8993
8991
8957
8961
8962
8921
9002
8927
9011
9001
8957
9012
8933
8944
8953
9007
8978
8978
8957
8935
8980
8972
8964
8963
8956
8955
8941
8998
8964
8962
8995
8979
8966
8976
9026
8939
8968
9040
9010
9020
8996
9019
9021
9044
9042
9045
8971
8971
8985
9039
9005
9008
9007
8983
8997
9011
9051
9060
9024
8996
8994
8978
9004
8972
9024
8975
9003
9060
9046
9045
9015
9010
9041
9048
9046
9015
9037
9068
9065
9016
9075
8987
9004
9015
9028
9068
9042
9046
9061
9076
9071
9044
9046
9049
9014
9079
9037
9090
9004
9101
9006
9006
9100
9058
9061
9079
9073
9092
9094
9031
9069
9100
9096
9083
9069
9062
9108
9057
9039
9038
9104
9066
9073
9038
9060
9111
9088
9063
9097
9126
9124
9085
9043
9130
9107
9116
9079
9049
9132
9136
9102
9064
9048
9067
9075
9057
9147
9069
9090
9143
9071
9115
9065
9103
9103
9135
9104
9111
9062
9071
9110
9156
9153
9118
9110
9109
9157
9125
9158
9101
9107
9129
9141
9158
9096
9153
9160
9089
9152
9160
9101
9127
9176
9142
9177
9180
9153
9163
9141
9173
9123
9143
9135
9110
9186
9146
9122
9198
9121
9195
9165
9193
9111
9151
9117
9123
9163
9130
9170
9157
9128
9184
9193
9190
9213
9128
9180
9188
9153
9132
9132
9190
9154
9198
9220
9156
9146
9157
9230
9212
9174
9219
9184
9146
9163
9228
9214
9164
9187
9224
9241
9241
9159
9225
9211
9161
9158
9183
9178
9242
9157
9218
9185
9209
9163
9250
9223
9194
9165
9217
9220
9195
9235
9223
9216
9210
9251
9218
9249
9194
9203
9191
9266
9196
9228
9243
9229
9202
9217
9250
9220
9269
9247
9207
9277
9216
9233
9194
9222
9214
9198
9212
9269
9274
9288
9288
9254
9242
9247
9293
9257
9253
9249
9279
9280
9280
9231
9284
9264
9307
9218
9243
9234
9308
9229
9262
9272
9318
9249
9229
9295
9257
9317
9296
9297
9311
9311
9321
9283
9242
9316
9316
9304
9263
9307
9307
9255
9307
9335
9321
9263
9321
9260
9308
9271
9321
9349
9302
9351
9317
9329
9334
9257
9261
9307
9348
9277
9313
9282
9323
9348
9313
9321
9315
9323
9333
9321
9354
9317
9365
9364
9356
9302
9292
9370
9315
9362
9334
9377
9318
9299
9343
9296
9341
9291
9292
9331
9345
9316
9382
9317
9336
9328
9384
9351
9369
9351
9321
9309
9372
9310
9317
9392
9346
9310
9403
9405
9334
9384
9345
9366
9356
9398
9367
9319
9319
9397
9322
9370
9366
9414
9328
9366
9388
9348
9390
9379
9421
9333
9409
9398
9348
9347
9378
9357
9346
9348
9382
9416
9375
9412
9349
9436
9350
9420
9388
9376
9389
9450
9388
9430
9416
9359
9416
9378
9407
9451
9417
9370
9413
9422
9435
9380
9453
9454
9375
9397
9423
9462
9413
9444
9401
9401
9441
9455
9430
9443
9399
9473
9468
9472
9412
9478
9415
9412
9488
9441
9457
9451
9403
9424
9476
9447
9482
9497
9442
9481
9412
9466
9443
9470
9488
9428
9411
9467
9504
9463
9426
9509
9437
9486
9456
9433
9454
9508
9424
9455
9512
9470
9475
9427
9497
9488
9436
9453
9482
9509
9527
9507
9434
9459
9533
9495
9473
9456
9469
9470
9489
9471
9491
9525
9447
9530
9530
9455
9545
9480
9483
9486
9497
9538
9532
9498
9524
9533
9487
9472
9537
9469
9476
9513
9476
9542
9534
9531
9561
9481
9476
9514
9509
9568
9507
9496
9546
9547
9566
9532
9577
9563
9569
9508
9552
9531
9577
9566
9527
9574
9554
9522
9555
9534
9573
9581
9527
9534
9567
9533
9506
9574
9551
9544
9507
9565
9508
9600
9530
9542
9598
9548
9534
9563
9549
9534
9589
9520
9605
9542
9544
9537
9620
9595
9597
9607
9564
9534
9530
9616
9620
9585
9555
9624
9578
9571
9575
9546
9553
9599
9597
9634
9554
9635
9616
9638
9639
9631
9562
9564
9636
9582
9575
9620
9653
9629
9572
9618
9599
9603
9643
9604
9661
9569
9654
9662
9628
9593
9594
9668
9655
9582
9594
9613
9655
9616
9653
9642
9619
9661
9619
9635
9615
9672
9619
9681
9596
9623
9687
9671
9671
9606
9682
9689
9612
9609
9694
9669
9639
9638
9692
9615
9677
9620
9663
9621
9676
9706
9623
9646
9675
9701
9681
9682
9689
9678
9681
9650
9715
9710
9630
9671
9684
9695
9678
9711
9656
9680
9681
9687
9704
9721
9638
9730
9644
9695
9718
9719
9679
9657
9644
9707
9700
9648
9662
9737
9689
9727
9662
9658
9745
9724
9723
9733
9748
9670
9682
9721
9685
9708
9666
9756
9748
9699
9756
9703
9731
9741
9684
9754
9757
9711
9695
9739
9675
9747
9679
9704
9712
9752
9754
9686
9769
9692
9774
9765
9764
9760
9782
9726
9706
9737
9748
9706
9764
9785
9715
9743
9789
9717
9742
9781
9726
9770
9782
9781
9773
9801
9807
9768
9745
9791
9787
9735
9786
9795
9805
9741
9739
9815
9772
9809
9754
9727
9805
9769
9794
9747
9827
9817
9762
9810
9757
9789
9771
9748
9777
9815
9820
9786
9825
9762
9838
9813
9835
9830
9793
9756
9804
9846
9818
9801
9787
9806
9781
9800
9839
9846
9806
9767
9802
9803
9792
9842
9859
9811
9842
9795
9816
9868
9797
9826
9790
9809
9801
9859
9821
9861
9874
9814
9867
9799
9806
9785
9879
9828
9789
9805
9839
9808
9847
9857
9827
9875
9836
9859
9799
9860
9871
9827
9849
9877
9829
9842
9885
9807
9879
9903
9887
9855
9901
9842
9893
9911
9882
9837
9882
9898
9904
9820
9911
9824
9825
9871
9843
9891
9915
9907
9915
9925
9912
9867
9895
9929
9913
9843
9924
9896
9897
9885
9879
9941
9866
9895
9874
9851
9941
9896
9888
9907
9921
9888
9859
9931
9903
9868
9874
9876
9904
9869
9877
9948
9918
9915
9963
9891
9882
9884
9967
9892
9904
9914
9964
9961
9897
9883
9889
9898
9910
9914
9908
9933
9908
9951
9945
9886
9902
9977
9965
9959
9966
9899
9955
9924
9906
9948
9966
9981
9992
9958
9917
9994
9985
9961
9936
9988
9989
9949
9992
9943
9919
9992
9998
9979
10013
9921
10001
9974
9934
9977
9962
9931
9991
9951
9950
9930
10004
9959
9987
9975
9937
9989
10002
9948
9977
9995
10020
9949
9961
9955
9962
10035
9985
9946
9992
9995
9955
10018
10017
10036
10021
10048
9959
10048
9978
10013
10024
10033
10056
10045
10050
10017
10019
9997
10041
10022
10056
9998
10039
9988
9981
9988
9980
10060
10035
10052
10036
10028
9994
10009
10040
9987
10045
9996
10014
10060
10042
10042
10086
10040
10043
9998
10092
10011
10015
10012
10053
10000
10084
10037
10007
10087
10061
10031
10024
10094
10075
10029
10097
10056
10109
10078
10109
10071
10052
10026
10087
10085
10108
10028
10068
10112
10075
10058
10078
10060
10068
10049
10090
10037
10038
10061
10093
10078
10125
10125
10072
10072
10113
10093
10083
10113
10053
10062
10115
10101
10146
10136
10049
10091
10092
10110
10096
10083
10068
10113
10133
10131
10086
10104
10068
10137
10086
10130
10101
10121
10108
10149
10131
10153
10134
10091
10105
10111
10117
10156
10123
10105
10080
10151
10109
10154
10171
10153
10118
10165
10154
10102
10123
10140
10181
10172
10117
10128
10123
10180
10149
10160
10109
10195
10109
10130
10111
10123
10190
10189
10135
10113
10166
10150
10116
10201
10184
10139
10206
10160
10198
10138
10145
10161
10160
10186
10195
10165
10188
10176
10197
10221
10213
10148
10136
10170
10222
10157
10224
10206
10141
10153
10140
10140
10204
10215
10154
10236
10214
10147
10202
10176
10165
10166
10153
10171
10243
10187
10227
10252
10167
10211
10229
10170
10239
10234
10234
10182
10209
10249
10172
10254
10203
10172
10176
10210
10234
10220
10269
10259
10179
10183
10187
10253
10236
10281
10251
10184
10189
10279
10257
10192
10197
10287
10266
10289
10202
10225
10234
10236
10279
10256
10289
10272
10245
10263
10274
10286
10302
10294
10230
10259
10277
10289
10218
10250
10241
10236
10257
10261
10313
10254
10272
10226
10319
10249
10230
10281
10231
10236
10309
10275
10277
10243
10262
10287
10296
10248
10321
10273
10237
10286
10275
10276
10330
10326
10297
10264
10278
10298
10307
10328
10314
10309
10290
10349
10294
10352
10289
10291
10308
10293
10275
10275
10266
10326
10327
10294
10339
10319
10305
10312
10368
10340
10286
10348
10320
10282
10370
10339
10289
10365
10283
10379
10351
10332
10353
10308
10337
10338
10334
10323
10327
10296
10335
10298
10351
10308
10379
10347
10391
10335
10363
10359
10388
10339
10305
10304
10401
10317
10330
10360
10401
10319
10364
10378
10402
10380
10383
10391
10322
10360
10347
10350
10346
10368
10397
10399
10386
10393
10391
10424
10372
10332
10342
10336
10428
10401
10340
10429
10406
10365
10415
10431
10388
10355
10384
10414
10362
10419
10423
10414
10391
10395
10450
10434
10385
10403
10438
10437
10415
10444
10362
10365
10416
10416
10406
10393
10378
10428
10412
10464
10456
10395
10381
10391
10470
10403
10376
10471
10403
10401
10391
10396
10397
10433
10435
10404
10420
10440
10453
10399
10403
10414
10466
10437
10452
10422
10419
10437
10450
10411
10488
10448
10457
10481
10430
10415
10494
10444
10506
10507
10447
10506
10485
10472
10433
10509
10437
10513
10435
10511
10447
10425
10503
10447
10442
10474
10460
10427
10427
10506
10479
10460
10438
10453
10450
10441
10439
10463
10513
10471
10535
10478
10523
10471
10467
10476
10502
10524
10521
10545
10468
10514
10486
10466
10511
10497
10537
10531
10547
10462
10483
10524
10480
10557
10504
10505
10548
10535
10563
10563
10493
10473
10477
10548
10502
10533
10544
10476
10543
10483
10515
10572
10570
10502
10558
10568
10582
10526
10546
10551
10582
10534
10519
10516
10571
10578
10587
10542
10528
10526
10585
10538
10547
10525
10556
10579
10505
10559
10548
10536
10569
10570
10603
10607
10539
10538
10534
10570
10585
10591
10530
10601
10556
10543
10559
10595
10617
10535
10540
10580
10596
10557
10605
10554
10590
10631
10634
10581
10566
10542
10624
10627
10596
10595
10613
10614
10563
10621
10643
10593
10645
10613
10591
10585
10589
10590
10595
10629
10570
10619
10584
10612
10601
10661
10628
10568
10657
10576
10610
10601
10586
10646
10613
10588
10637
10613
10577
10644
10605
10614
10620
10634
10648
10587
10601
10667
10637
10676
10616
10634
10589
10621
10633
10660
10594
10660
10625
10621
10690
10676
10670
10605
10624
10644
10610
10664
10699
10704
10615
10610
10614
10701
10635
10653
10621
10668
10699
10696
10649
10641
10670
10677
10675
10676
10667
10676
10646
10723
10702
10656
10666
10701
10663
10645
10716
10643
10729
10639
10732
10715
10691
10718
10708
10662
10741
10651
10718
10739
10657
10701
10716
10746
10705
10696
10707
10692
10706
10674
10730
10664
10754
10755
10665
10669
10734
10702
10671
10678
10712
10749
10750
10763
10679
10736
10674
10689
10683
10720
10689
10714
10718
10769
10714
10777
10733
10750
10731
10770
10749
10721
10765
10788
10777
10727
10736
10771
10715
10770
10713
10715
10779
10739
10703
10780
10739
10796
10797
10768
10708
10732
10755
10786
10744
10796
10715
10768
10728
10789
10730
10780
10817
10811
10767
10774
10756
10730
10734
10784
10743
10804
10767
10813
10756
10823
10824
10815
10786
10809
10821
10768
10768
10802
10798
10794
10754
10804
10772
10809
10796
10787
10827
10824
10758
10773
10845
10787
10768
10778
10783
10767
10813
10787
10787
10789
10822
10826
10773
10842
10865
10853
10808
10861
10790
10789
10870
10824
10784
10791
10848
10785
10835
10794
10801
10870
10869
10877
10854
10872
10837
10869
10832
10874
10880
10798
10862
10841
10841
10809
10864
10843
10878
10877
10848
10849
10812
10833
10812
10861
10849
10896
10900
10906
10839
10817
10875
10906
10817
10865
10857
10876
10860
10905
10896
10847
10908
10909
10874
10892
10851
10915
10885
10891
10870
10910
10866
10865
10931
10860
10863
10903
10883
10848
10887
10941
10929
10845
10900
10892
10873
10894
10908
10927
10922
10922
10882
10938
10908
10933
10953
10873
10881
10923
10903
10896
10951
10898
10894
10870
10874
10886
10869
10902
10913
10916
10909
10885
10917
10932
10891
10957
10919
10890
10956
10916
10888
10910
10932
10972
10983
10923
10948
10964
10956
10953
10980
10943
10929
10937
10947
10901
10946
10902
10919
10996
10929
10938
10924
10962
10972
10958
10941
10944
10945
10953
10986
10950
10938
10944
10923
10936
10947
10945
10922
10998
10987
10953
10947
10997
11020
10967
10977
10941
10984
10958
10967
11000
10973
10997
11015
10989
11004
10967
10951
10980
11008
11010
10945
11025
10992
11004
11031
11016
11016
10973
10965
11023
11041
11006
11015
10997
10983
11013
10970
11033
11039
11029
11008
11015
11038
11021
10991
11006
11012
11056
11048
10978
11029
11024
11019
11006
11012
11060
11065
11012
11056
11010
10996
11004
11045
10995
11001
11070
11011
11088
11011
11070
11018
10997
11024
11081
11025
11079
11003
11011
11033
11016
11027
11011
11077
11022
11039
11029
11056
11061
11077
11101
11031
11090
11038
11046
11051
11039
11072
11106
11094
11107
11110
11051
11079
11067
11036
11090
11125
11060
11077
11036
11064
11085
11073
11134
11049
11046
11081
11073
11134
11054
11132
11061
11065
11052
11119
11056
11086
11082
11148
11078
11101
11141
11064
11116
11073
11150
11083
11108
11064
11160
11109
11115
11142
11079
11136
11075
11158
11162
11113
11082
11088
11119
11130
11135
11155
11124
11142
11155
11105
11145
11169
11122
11173
11141
11125
11098
11108
11161
11119
11113
11127
11118
11118
11132
11131
11122
11152
11121
11152
11119
11123
11175
11115
11177
11130
11120
11174
11162
11177
11130
11121
11142
11165
11195
11197
11129
11167
11166
11160
11142
11170
11195
11215
11226
11187
11158
11196
11139
11141
11171
11156
11143
11187
11142
11141
11164
11144
11205
11150
11221
11195
11176
11158
11167
11216
11150
11248
11247
11192
11185
11254
11206
11163
11235
11241
11250
11165
11217
11207
11191
11248
11229
11179
11181
11187
11172
11263
11185
11265
11218
11222
11242
11214
11238
11241
11221
11246
11182
11207
11228
11228
11268
11203
11220
11199
11193
11285
11222
11221
11207
11257
11205
11293
11211
11241
11230
11289
11277
11286
11230
11290
11244
11233
11225
11292
11281
11299
11270
11294
11249
11245
11246
11242
11288
11274
11282
11249
11314
11258
11249
11245
11279
11277
11246
11277
11251
11299
11305
11245
11263
11299
11283
11244
11332
11299
11263
11314
11334
11247
11302
11314
11251
11320
11272
11317
11278
11314
11313
11263
11258
11271
11338
11287
11265
11267
11306
11291
11334
11299
11294
11268
11337
11285
11313
11361
11361
11272
11343
11322
11328
11368
11346
11360
11296
11363
11372
11305
11361
11372
11367
11325
11370
11350
11328
11388
11342
11371
11388
11352
11314
11313
11347
11345
11392
11341
11317
11390
11309
11322
11337
11401
11359
11367
11335
11317
11382
11401
11344
11385
11376
11387
11411
11395
11355
11396
11347
11386
11334
11357
11391
11371
11400
11384
11381
11422
11351
11347
11379
11373
11413
11424
11361
11421
11410
11368
11412
11386
11377
11363
11399
11384
11433
11381
11401
11382
11353
11409
11406
11417
11429
11444
11369
11398
11392
11430
11371
11369
11384
11450
11454
11370
11411
11428
11406
11417
11384
11448
11414
11424
11440
11413
11444
11437
11445
11464
11440
11466
11434
11466
11398
11385
11386
11459
11423
11457
11478
11468
11455
11409
11419
11419
11426
11456
11432
11446
11493
11437
11463
11422
11472
11493
11503
11502
11453
11473
11429
11450
11470
11469
11474
11424
11430
11420
11507
11435
11492
11498
11492
11484
11432
11437
11520
11515
11449
11473
11488
11519
11437
11529
11526
11453
11505
11494
11486
11485
11453
11502
11490
11502
11448
11505
11458
11529
11528
11543
11459
11455
11535
11540
11461
11461
11554
11510
11531
11484
11464
11525
11525
11501
11512
11483
11469
11541
11526
11475
11534
11548
11480
11534
11520
11522
11538
11558
11516
11506
11554
11547
11527
11486
11523
11577
11518
11546
11494
11491
11550
11505
11525
11591
11568
11514
11576
11534
11555
11544
11562
11584
11529
11573
11530
11529
11584
11552
11520
11594
11569
11525
11583
11530
11552
11545
11529
11602
11611
11527
11536
11543
11614
11566
11604
11533
11579
11624
11627
11534
11626
11534
11536
11536
11561
11569
11589
11601
11610
11559
11610
11559
11618
11567
11616
11619
11642
11592
11641
11625
11551
11607
11635
11561
11643
11607
11630
11629
11606
11638
11585
11606
11611
11644
11645
11654
11650
11605
11618
11603
11601
11628
11629
11650
11594
11577
11608
11580
11660
11579
11661
11668
11614
11615
11603
11663
11616
11677
11670
11668
11621
11617
11646
11658
11614
11667
11654
11680
11660
11637
11688
11620
11663
11620
11656
11663
11693
11676
11703
11701
11634
11695
11666
11661
11656
11630
11656
11706
11653
11714
11688
11714
11708
11706
11671
11666
11638
11661
11721
11656
11675
11649
11671
11657
11715
11701
11729
11694
11661
11710
11673
11702
11650
11645
11654
11697
11667
11737
11671
11699
11669
11651
11678
11711
11683
11690
11660
11684
11745
11664
11726
11682
11690
11762
11707
11687
11709
11755
11697
11670
11767
11694
11762
11752
11714
11726
11735
11750
11773
11738
11779
11751
11727
11688
11753
11758
11772
11710
11761
11731
11758
11731
11758
11772
11787
11720
11759
11746
11797
11711
11736
11763
11720
11709
11752
11794
11718
11796
11765
11749
11778
11733
11778
11756
11719
11785
11794
11801
11731
11816
11740
11778
11749
11755
11789
11742
11791
11823
11766
11799
11763
11750
11733
11827
11769
11808
11748
11759
11777
11774
11804
11808
11788
11753
11827
11791
11794
11774
11780
11791
11813
11792
11836
11831
11824
11757
11829
11759
11823
11815
11835
11841
11801
11810
11810
11765
11790
11840
11823
11801
11788
11804
11813
11812
11781
11837
11854
11876
11832
11837
11794
11860
11806
11862
11788
11881
11821
11874
11848
11816
11818
11869
11802
11853
11794
11886
11856
11896
11842
11834
11849
11824
11829
11807
11815
11885
11903
11854
11843
11828
11839
11893
11893
11872
11819
11903
11828
11898
11840
11847
11868
11857
11824
11920
11841
11843
11900
11871
11913
11844
11833
11880
11914
11930
11870
11930
11935
11934
11913
11903
11868
11919
11940
11916
11935
11891
11937
11879
11878
11894
11861
11930
11916
11882
11928
11950
11927
11881
11953
11933
11949
11953
11889
11870
11945
11947
11902
11959
11880
11897
11940
11906
11971
11915
11901
11877
11962
11886
11965
11961
11969
11970
11962
11930
11961
11909
11899
11981
11906
11906
11953
11977
11948
11964
11924
11942
11976
11929
11955
11981
11972
11973
11947
11999
11965
11950
11918
11980
11986
11914
11925
11952
11998
11944
12000
11918
11964
11980
12012
11919
11962
12009
11991
12013
11978
11954
12023
11931
11966
11955
12021
11982
11951
11933
12000
11991
12017
11996
11953
11955
11951
11990
12039
11960
11977
12006
11947
12007
12006
12021
12027
12048
11962
11960
12036
11961
12043
12041
12002
11986
12037
12017
11988
12022
12056
12031
12026
11983
12043
12023
12016
11975
11977
12018
12065
12063
12067
12075
12026
12049
12046
12018
12078
11985
12044
12047
12008
12018
12021
12008
12020
12022
11996
12036
12073
12080
12034
12030
12003
12006
12089
12068
12028
12058
12050
12023
12069
12027
12098
12049
12051
12046
12029
12111
12107
12026
12058
12070
12052
12104
12081
12039
12084
12035
12080
12093
12033
12040
12110
12075
12113
12097
12078
12092
12119
12056
12114
12110
12069
12090
12064
12139
12094
12086
12084
12081
12071
12114
12066
12130
12065
12087
12086
12060
12066
12110
12094
12114
12147
12114
12083
12061
12118
12117
12105
12069
12129
12164
12159
12095
12157
12096
12138
12102
12149
12135
12100
12126
12168
12140
12125
12163
12111
12163
12101
12148
12145
12165
12160
12125
12165
12163
12158
12168
12162
12173
12144
12187
12179
12103
12126
12120
12154
12161
12193
12187
12192
12142
12184
12147
12149
12182
12131
12202
12157
12187
12204
12188
12190
12195
12149
12132
12156
12185
12212
12155
12207
12128
12214
12228
12219
12132
12148
12225
12143
12224
12159
12159
12233
12179
12188
12171
12165
12157
12236
12202
12223
12242
12195
12177
12247
12242
12223
12252
12223
12162
12179
12160
12163
12187
12258
12256
12245
12165
12256
12192
12234
12182
12259
12226
12198
12176
12173
12215
12200
12203
12223
12273
12247
12254
12189
12255
12265
12226
12192
12185
12252
12254
12209
12200
12193
12230
12286
12286
12229
12244
12276
12277
12212
12279
12287
12283
12206
12208
12206
12262
12263
12259
12214
12289
12284
12285
12250
12295
12261
12303
12239
12259
12288
12262
12220
12234
12308
12241
12296
12272
12252
12316
12281
12326
12266
12235
12272
12290
12264
12267
12314
12324
12300
12294
12259
12248
12285
12324
12296
12308
12298
12333
12268
12316
12289
12265
12276
12311
12268
12264
12322
12280
12309
12342
12289
12359
12333
12302
12319
12281
12307
12317
12367
12293
12279
12283
12289
12358
12330
12351
12308
12319
12361
12324
12357
12376
12334
12315
12325
12355
12286
12332
12337
12319
12374
12314
12314
12388
12366
12369
12305
12358
12386
12341
12314
12375
12375
12380
12340
12400
12403
12394
12377
12366
12391
12323
12377
12386
12403
12329
12360
12319
12344
12322
12387
12327
12364
12359
12407
12397
12353
12358
12344
12415
12349
12344
12377
12384
12412
12373
12352
12403
12413
12351
12417
12354
12378
12414
12419
12380
12417
12429
12416
12415
12413
12363
12400
12451
12412
12366
12431
12443
12400
12370
12402
12420
12398
12409
12456
12425
12421
12387
12376
12381
12424
12395
12372
12400
12430
12461
12467
12441
12394
12412
12416
12469
12419
12401
12470
12426
12421
12486
12475
12488
12439
12445
12470
12410
12477
12416
12414
12424
12405
12446
12433
12459
12408
12438
12427
12496
12412
12454
12452
12492
12478
12495
12506
12460
12440
12432
12471
12489
12482
12440
12444
12491
12487
12489
12462
12425
12471
12464
12434
12519
12439
12438
12529
12445
12469
12465
12518
12451
12484
12494
12489
12539
12507
12510
12543
12462
12484
12502
12534
12492
12526
12523
12547
12518
12520
12509
12550
12539
12537
12479
12481
12538
12510
12557
12520
12509
12468
12498
12538
12539
12566
12544
12494
12512
12512
12534
12539
12523
12569
12550
12481
12556
12528
12529
12564
12547
12495
12516
12574
12516
12527
12557
12493
12512
12499
12594
12527
12521
12540
12577
12595
12523
12580
12594
12534
12536
12508
12583
12573
12559
12558
12572
12569
12536
12537
12581
12584
12593
12583
12592
12544
12614
12528
12530
12599
12573
12617
12601
12596
12598
12536
12579
12570
12588
12559
12602
12618
12592
12592
12580
12583
12614
12574
12563
12641
12640
12610
12641
12602
12628
12583
12582
12558
12633
12596
12575
12614
12625
12595
12559
12614
12572
12640
12651
12629
12624
12581
12630
12658
12639
12582
12604
12657
12579
12585
12660
12605
12620
12613
12606
12659
12664
12667
12623
12673
12606
12641
12666
12684
12686
12646
12642
12648
12605
12636
12625
12635
12634
12636
12609
12645
12656